Template: NONE
Palette: 35
EffectColorA: 3
EffectColorB: 5
PlacedObjects: LightSource><167.1973><568.467><0.2934783~EffectColor1~-2~-247~105~-68.39746~1~0~Flash~0.01086957~0, LightSource><543.597><506.8251><0.3804348~EffectColor1~-168~-24~50~-27.39746~1~0~None~0~0, 
