Template: NONE
Clouds: 0.3695652
Grime: 0.3913043
Palette: 14
EffectColorA: 4
EffectColorB: 18
Effects: Fog-0.7391304-20-20, CloudAdjustment-0.1086956-33-99, AboveCloudsView-1-275-234, 
