Template: CC_SettingsTemplate_Gutter
Clouds: 0.8080388
Palette: 55
FadePalette: 21, 0.4485281, 0.3479961, 0.4896059, 0.386662
