DangerType: None
CeilingDrips: 0.9252717
WaveSpeed: 0.6268118
WaveLength: 1
WaveAmplitude: 0.02309783
SecondWaveLength: 0.1666667
SecondWaveAmplitude: 0
Grime: 0.1458332
WaterReflectionAlpha: 0.4918478
PlacedObjects: ShelterBhvrPlacedDoor><471.9088><137.428><0^1, ShelterBhvrTriggerZone><37.3833><376.1624><343~295, ShelterBhvrSpawnPosition><449.0498><288.0563><, ShelterBhvrManager><330.6681><532.1084><518~-287~True~False~4~False~3~6~20~40~60~120~120~120~True, 
